0 0.8278645833333332 0.9863791423001949 0.8271792763157894 0.9766325536062378 0.8182702850877192 0.9644493177387913 0.8127878289473683 0.9595760233918128 0.8073053728070174 0.9510477582846003 0.8025082236842105 0.9400828460038985 0.7983963815789472 0.931554580896686 0.7970257675438596 0.9242446393762183 0.7922286184210525 0.9193713450292397 0.7888020833333332 0.9120614035087719 0.7833196271929823 0.9035331384015594 0.7785224780701754 0.8937865497076023 0.7764665570175437 0.8864766081871344 0.7723547149122807 0.8828216374269005 0.765501644736842 0.8791666666666665 0.7579632675438596 0.8791666666666665 0.7517955043859648 0.8730750487329434 0.7476836622807017 0.8645467836257309 0.7456277412280701 0.8523635477582845 0.7428865131578947 0.8377436647173488 0.7374040570175437 0.8121588693957114 0.7339775219298245 0.803630604288499 0.7305518617021276 0.7915927895981086 0.729720744680851 0.7886377068557919 0.7280585106382979 0.7860520094562646 0.7280585106382979 0.7816193853427895 0.7261884973404256 0.7779255319148936 0.7245262632978723 0.7723847517730495 0.7230718085106382 0.7690602836879432 0.7191240026595744 0.7631501182033097 0.7166306515957446 0.7568705673758864 0.7153839760638298 0.7524379432624113 0.7137217420212766 0.749113475177305 0.7155917553191489 0.7468971631205673 0.7174617686170213 0.7461583924349882 0.7234873670212766 0.749113475177305 0.7253573803191489 0.751699172576832 0.7274351728723404 0.7568705673758864 0.7293051861702128 0.7624113475177304 0.7307596409574468 0.7686908983451536 0.7324218749999999 0.7723847517730495 0.7351230053191489 0.775709219858156 0.7374085771276595 0.7827275413711583 0.7374085771276595 0.7875295508274232 0.7388630319148936 0.7963947990543735 0.7415641622340425 0.8015661938534278 0.7440575132978723 0.8089539007092198 0.7457197473404256 0.8144946808510637 0.7459275265957446 0.8226211583924349 0.7459275265957446 0.8289007092198581 0.7471742021276595 0.8337027186761229 0.7507064494680851 0.838135342789598 0.7529920212765957 0.8421985815602836 0.753407579787234 0.8444148936170213 0.7538231382978723 0.8499556737588652 0.7544464760638298 0.8543882978723404 0.7554853723404256 0.8599290780141844 0.7573553856382979 0.8643617021276596 0.7608876329787233 0.8658392434988179 0.7629654255319148 0.8665780141843971 0.7677443484042553 0.8654698581560283 0.7723154920212766 0.8665780141843971 0.7766788563829786 0.8691637115839242 0.7812499999999999 0.8735963356973996 0.7845744680851063 0.8806146572104019 0.7874833776595744 0.8894799054373521 0.7908078457446808 0.8983451536643027 0.7930934175531914 0.9049940898345152 0.7972490026595744 0.9061022458628841 0.8009890292553191 0.9101654846335697 0.8041057180851062 0.9138593380614657 0.8041057180851062 0.9175531914893615 0.8055601728723405 0.9249408983451536 0.8082613031914893 0.931959219858156 0.8130402260638296 0.939346926713948 0.8171958111702127 0.9445183215130023 0.823013630319149 0.9500591016548463 0.8275847739361701 0.9552304964539006 0.8302859042553191 0.9607712765957446 0.8321559175531915 0.9681589834515366 0.8319481382978722 0.9740691489361702 0.830078125 0.9814568557919622
0 0.7135139627659574 0.7454196217494089 0.7120595079787233 0.7432033096926713 0.7089428191489361 0.7406176122931442 0.707488364361702 0.7372931442080378 0.7068650265957446 0.7347074468085106 0.7022938829787233 0.7295360520094561 0.6998005319148936 0.7247340425531915 0.7000083111702128 0.7214095744680851 0.6991771941489361 0.7166075650118202 0.6968916223404256 0.7106973995271867 0.6931515957446808 0.705895390070922 0.6894115691489361 0.7014627659574467 0.6885804521276595 0.6962913711583923 0.6925282579787233 0.6933362884160756 0.6973071808510638 0.6937056737588652 0.6991771941489361 0.6988770685579196 0.7016705452127658 0.7025709219858156 0.7035405585106382 0.7066341607565012 0.7041638962765957 0.7129137115839244 0.7083194813829786 0.7199320330969267 0.7116439494680851 0.725103427895981 0.7141373005319148 0.728797281323877 0.7174617686170213 0.732491134751773 0.7201628989361701 0.739878841607565 0.7191240026595744 0.7432033096926713 0.7164228723404256 0.7432033096926713
0 0.6896193484042553 0.6914893617021276 0.6883726728723404 0.6925975177304965 0.6871259973404256 0.6925975177304965 0.6869182180851063 0.6841016548463357 0.689203789893617 0.6811465721040189 0.6925282579787233 0.6818853427895981 0.6929438164893617 0.6866873522458629
0 0.6831781914893617 0.687426122931442 0.6813081781914894 0.6863179669030732 0.6796459441489361 0.6815159574468085 0.6779837101063829 0.6778221040189125 0.6771525930851063 0.6752364066193853 0.6788148271276595 0.6719119385342789 0.6754903590425532 0.6685874704491725 0.6713347739361701 0.6667405437352245 0.669672539893617 0.6623079196217494 0.6678025265957446 0.6578752955082743 0.6640625 0.6527039007092198 0.6630236037234043 0.6486406619385343 0.6603224734042553 0.6456855791962174 0.6580369015957446 0.6427304964539007 0.6536735372340425 0.6412529550827423 0.6503490691489361 0.6390366430260047 0.6455701462765957 0.6357121749408983 0.640375664893617 0.6305407801418439 0.6366356382978723 0.6253693853427896 0.6353889627659574 0.621306146572104 0.6358045212765957 0.6168735224586288 0.6358045212765957 0.6109633569739952 0.6355967420212766 0.6065307328605201 0.6385056515957446 0.6032062647754136 0.6397523271276595 0.6072695035460992 0.640375664893617 0.6117021276595744 0.6422456781914894 0.6168735224586288 0.6453623670212766 0.6209367612293144 0.6472323803191489 0.6224143026004728 0.6505568484042553 0.6253693853427896 0.6538813164893617 0.6268469267139479 0.655751329787234 0.6298020094562647 0.6574135638297871 0.6298020094562647 0.6584524601063829 0.6298020094562647 0.661361369680851 0.6316489361702128 0.6644780585106382 0.6346040189125295 0.6669714095744681 0.6394060283687943 0.6694647606382979 0.644208037825059 0.6715425531914894 0.6471631205673758 0.673828125 0.6512263593380614 0.6771525930851063 0.6541814420803782 0.679438164893617 0.6567671394799054 0.6817237367021276 0.6597222222222221 0.6819315159574468 0.664524231678487 0.6829704122340425 0.6671099290780141 0.6848404255319148 0.6708037825059101 0.6856715425531914 0.6744976359338061 0.6854637632978723 0.6811465721040189
0 0.6380900930851063 0.5969267139479905 0.6370511968085106 0.5924940898345153 0.636220079787234 0.5858451536643026 0.6349734042553191 0.581781914893617 0.6333111702127658 0.5766105200945626 0.6304022606382979 0.5721778959810874 0.6281166888297872 0.5699615839243498 0.6241688829787233 0.5684840425531914 0.620844414893617 0.5658983451536643 0.6191821808510638 0.5636820330969267 0.6175199468085106 0.5574024822695035 0.616688829787234 0.5522310874704491 0.6189744015957446 0.5500147754137116 0.622298869680851 0.5548167848699763 0.6260388962765957 0.5581412529550828 0.6277011303191489 0.5592494089834514 0.6316489361702128 0.5618351063829787 0.6349734042553191 0.5640514184397163 0.6382978723404256 0.5681146572104019 0.640375664893617 0.5732860520094563 0.6414145611702128 0.5806737588652482 0.6424534574468085 0.5891696217494089 0.6424534574468085 0.5947104018912529 0.6401678856382979 0.5976654846335697
0 0.6123254654255319 0.5629432624113474 0.6096243351063829 0.5614657210401891 0.6090009973404256 0.5585106382978723 0.6077543218085106 0.5555555555555556 0.6058843085106382 0.5529698581560283 0.6044298537234043 0.549645390070922 0.6050531914893617 0.5466903073286051 0.6094165558510638 0.5452127659574467 0.6129488031914894 0.5455821513002364 0.6137799202127658 0.5492760047281323 0.6137799202127658 0.5548167848699763 0.6135721409574468 0.5596187943262412
0 0.5994431515957446 0.5551861702127658 0.6015209441489361 0.5529698581560283 0.602767619680851 0.5507535460992907 0.6004820478723404 0.5474290780141844 0.5981964760638298 0.5448433806146572 0.5950797872340425 0.5437352245862883 0.5934175531914894 0.5452127659574467 0.5967420212765957 0.5485372340425532 0.597157579787234 0.5511229314420804
0 0.5907164228723404 0.5566637115839244 0.5892619680851063 0.5540780141843972 0.5882230718085106 0.5574024822695035 0.5834441489361701 0.5562943262411347 0.580535239361702 0.5533392434988179 0.5780418882978723 0.5548167848699763 0.5755485372340425 0.5570330969267139 0.5722240691489361 0.5574024822695035 0.5701462765957446 0.5562943262411347 0.5670295877659574 0.5526004728132388 0.5645362367021276 0.5522310874704491 0.5628740026595744 0.5537086288416075 0.5603806515957446 0.5489066193853428 0.5599650930851063 0.5444739952718676 0.5626662234042553 0.5437352245862883 0.5659906914893617 0.5452127659574467 0.5672373670212766 0.5452127659574467 0.5703540558510638 0.544104609929078 0.5736785239361701 0.544104609929078 0.5778341090425532 0.5485372340425532 0.580535239361702 0.5489066193853428 0.583236369680851 0.5452127659574467 0.5884308510638298 0.5466903073286051 0.5921708776595744 0.5507535460992907
0 0.5564328457446808 0.5551861702127658 0.5531083776595744 0.5518617021276596 0.5514461436170213 0.5518617021276596 0.5495761303191489 0.5522310874704491 0.5462516622340425 0.5540780141843972 0.544173869680851 0.5537086288416075 0.5420960771276595 0.5526004728132388 0.5404338430851063 0.5529698581560283 0.5381482712765957 0.5526004728132388 0.5360704787234043 0.5503841607565012 0.5342004654255319 0.5485372340425532 0.5308759973404256 0.5470596926713948 0.5292137632978723 0.5466903073286051 0.5265126329787233 0.5466903073286051 0.5238115026595744 0.5470596926713948 0.5206948138297872 0.5470596926713948 0.5169547872340425 0.5463209219858156 0.5155003324468085 0.5426270685579196 0.5138380984042553 0.5381944444444444 0.5115525265957446 0.5308067375886525 0.5098902925531915 0.5245271867612293 0.509266954787234 0.5197251773049645 0.5098902925531915 0.513815011820331 0.5113447473404256 0.5090130023640661 0.5125914228723404 0.5079048463356973 0.5152925531914894 0.5145537825059101 0.5161236702127658 0.5186170212765957 0.5182014627659574 0.527482269503546 0.5194481382978723 0.531176122931442 0.5213181515957446 0.5337618203309692 0.5256815159574468 0.5356087470449172 0.528798204787234 0.5356087470449172 0.5300448803191489 0.5352393617021276 0.5339926861702128 0.5363475177304965 0.5366938164893617 0.5389332151300236 0.5402260638297872 0.54225768321513 0.5416805186170213 0.5448433806146572 0.5456283244680851 0.5437352245862883 0.5477061170212766 0.5429964539007092 0.5522772606382979 0.5429964539007092 0.5549783909574468 0.54225768321513 0.556640625 0.5466903073286051
0 0.5061502659574468 0.5178782505910166 0.5032413563829787 0.5112293144208038 0.5017869015957446 0.502733451536643 0.4997091090425531 0.4960845153664302 0.4965924202127659 0.4912825059101654 0.493891289893617 0.4879580378250591 0.49098238031914887 0.4842641843971631 0.4880734707446808 0.4802009456264775 0.4851645611702128 0.4739213947990543 0.48371010638297873 0.47022754137115835 0.4808011968085106 0.4657949172576832 0.478515625 0.4624704491725768 0.4762300531914893 0.45914598108747046 0.4747755984042553 0.4565602836879432 0.47207446808510634 0.4532358156028369 0.46791888297872336 0.45028073286052006 0.46397107712765956 0.4458481087470449 0.4606466090425531 0.4410460992907801 0.4612699468085106 0.4384604018912529 0.464594414893617 0.43772163120567376 0.46771110372340424 0.43772163120567376 0.4704122340425531 0.43809101654846333 0.472905585106383 0.43882978723404253 0.4766456117021276 0.44178486997635935 0.4793467420212766 0.4451093380614657 0.4822556515957446 0.4484338061465721 0.48578789893617025 0.45434397163120566 0.4880734707446808 0.4598847517730496 0.4901512632978723 0.4646867612293144 0.4926446143617021 0.46875 0.495345744680851 0.4728132387706856 0.4982546542553191 0.4757683215130023 0.5030335771276595 0.48241725768321514 0.5061502659574468 0.49239066193853426 0.5073969414893617 0.4968232860520094 0.5084358377659574 0.5001477541371158 0.5086436170212766 0.5064273049645389 0.5076047207446808 0.5119680851063829
0 0.466048869680851 0.4281176122931442 0.46417885638297873 0.42737884160756495 0.4627244015957446 0.42294621749408984 0.46168550531914887 0.4196217494089834 0.4602310505319148 0.41481973995271865 0.45836103723404253 0.4111258865248227 0.4554521276595745 0.4074320330969267 0.4529587765957446 0.4044769503546099 0.4508809840425531 0.40152186761229314 0.4496343085106383 0.39745862884160754 0.4471409574468085 0.39080969267139476 0.4512965425531915 0.39080969267139476 0.4552443484042553 0.39117907801418433 0.4552443484042553 0.3948729314420803 0.4587765957446808 0.39524231678487 0.46168550531914887 0.3989361702127659 0.46397107712765956 0.40299940898345155 0.466048869680851 0.4066932624113475 0.46750332446808507 0.41297281323877066 0.4685422207446808 0.41999113475177297
0 0.4539976728723404 0.3834219858156028 0.45171210106382975 0.3834219858156028 0.44984208776595735 0.3812056737588652 0.44880319148936165 0.3778812056737589 0.44859541223404253 0.37344858156028365 0.44859541223404253 0.3690159574468085 0.4515043218085106 0.3690159574468085 0.453374335106383 0.37123226950354604 0.45565990691489355 0.3756648936170212 0.4573221409574468 0.3819444444444444
0 0.44215425531914887 0.38157505910165485 0.4390375664893617 0.3775118203309692 0.43612865691489355 0.3730791962174941 0.4334275265957446 0.3704934988179669 0.4298952792553191 0.3667996453900709 0.42677859042553185 0.3634751773049645 0.4230385638297872 0.3583037825059101 0.42054521276595735 0.3531323877068558 0.41929853723404253 0.3486997635933806 0.41659740691489355 0.346483451536643 0.4138962765957446 0.344636524822695 0.41306515957446804 0.34168144208037826 0.41514295212765956 0.339095744680851 0.4182596409574468 0.33761820330969267 0.42096077127659576 0.33614066193853426 0.4238696808510638 0.3357712765957447 0.42823304521276595 0.344636524822695 0.4301030585106383 0.3509160756501182 0.4334275265957446 0.35534869976359335 0.43612865691489355 0.35904255319148937 0.43820644946808507 0.35941193853427894 0.4413231382978723 0.36273640661938533 0.4442320478723404 0.3656914893617021 0.4461020611702128 0.36975472813238763 0.44589428191489355 0.37492612293144206 0.443608710106383 0.37825059101654845
0 0.41659740691489355 0.33133865248226946 0.4141040558510638 0.3331855791962175 0.41161070478723405 0.3331855791962175 0.4078706781914893 0.3291223404255319 0.4066240026595745 0.32542848699763594 0.404546210106383 0.3224734042553191 0.40309175531914887 0.31988770685579193 0.4008061835106383 0.31619385342789597 0.3995595079787234 0.310653073286052 0.3949883643617021 0.3062204491725768 0.3916638962765957 0.3036347517730496 0.3881316489361702 0.30031028368794327 0.3856382978723404 0.29550827423167847 0.3843916223404255 0.2859042553191489 0.3835605053191489 0.2822104018912529 0.3812749335106383 0.2777777777777778 0.3787815824468085 0.27408392434988177 0.3758726728723404 0.27002068557919623 0.37275598404255317 0.26669621749408984 0.3702626329787234 0.263741134751773 0.36756150265957444 0.25672281323877066 0.3654837101063829 0.2515514184397163 0.36340591755319146 0.24711879432624112 0.35779587765957444 0.23936170212765956 0.35447140957446804 0.23603723404255317 0.34969248670212766 0.2290189125295508 0.3455835459183674 0.21825396825396826 0.34080038265306123 0.20691609977324263 0.3388073979591837 0.19912131519274376 0.3439891581632653 0.19699546485260772 0.3491709183673469 0.19770408163265307 0.34956951530612246 0.20479024943310659 0.349968112244898 0.20975056689342403 0.3539540816326531 0.2147108843537415 0.35794005102040816 0.21896258503401358 0.36471619897959184 0.22534013605442177 0.3671077806122449 0.22817460317460317 0.37069515306122447 0.2380952380952381 0.37388392857142855 0.2451814058956916 0.37986288265306123 0.2543934240362812 0.3822544642857143 0.260062358276644 0.38863201530612246 0.2777777777777778 0.39341517857142855 0.29124149659863946 0.3966039540816327 0.2940759637188209 0.40218431122448983 0.29903628117913833 0.40736607142857145 0.30612244897959184 0.4133450255102041 0.3139172335600907 0.41852678571428575 0.3210034013605442
0 0.33578725961538464 0.21834935897435898 0.33015324519230765 0.21834935897435898 0.3263972355769231 0.21834935897435898 0.32113882211538464 0.22102029914529914 0.31137319711538464 0.22168803418803418 0.30573918269230765 0.22435897435897434 0.2978515625 0.22168803418803418 0.29409555288461536 0.21834935897435898 0.2850811298076923 0.21367521367521367 0.2783203125 0.2096688034188034 0.2741887019230769 0.19898504273504275 0.27193509615384615 0.1903044871794872 0.2655498798076923 0.18896901709401706 0.25428185096153844 0.18162393162393162 0.24526742788461536 0.17628205128205127 0.24263822115384617 0.1655982905982906 0.24076021634615383 0.1595886752136752 0.23475060096153846 0.15090811965811965 0.22836538461538464 0.14623397435897434 0.22235576923076922 0.1375534188034188 0.21897536057692307 0.12419871794871794 0.2197265625 0.11752136752136752 0.22498497596153846 0.12086004273504272 0.22836538461538464 0.12620192307692307 0.23399939903846154 0.12887286324786323 0.24000901442307693 0.13555021367521367 0.24714543269230765 0.14756944444444445 0.2516526442307692 0.15625 0.25728665865384615 0.16359508547008547 0.26479867788461536 0.17094017094017092 0.26968149038461536 0.1736111111111111 0.27456430288461536 0.17761752136752137 0.2790715144230769 0.18229166666666666 0.28170072115384615 0.1909722222222222 0.2850811298076923 0.1969818376068376 0.2907151442307692 0.20365918803418803 0.3019831730769231 0.20833333333333334 0.30573918269230765 0.21233974358974358 0.31099759615384615 0.21300747863247863 0.31550480769230765 0.2143429487179487 0.3132512019230769 0.21033653846153844 0.32189002403846156 0.20833333333333334 0.33165564903846156 0.2076655982905983
0 0.23061899038461536 0.109508547008547 0.22686298076923075 0.109508547008547 0.22348257211538464 0.11084401709401709 0.21446814903846154 0.10884081196581197 0.20958533653846154 0.09882478632478632 0.20357572115384617 0.08947649572649573 0.20057091346153846 0.07411858974358974 0.20958533653846154 0.078125 0.21709735576923075 0.08547008547008546 0.22874098557692307 0.09949252136752137
0 0.20357572115384617 0.0641025641025641 0.1990685096153846 0.06009615384615384 0.19831730769230768 0.04941239316239316 0.20057091346153846 0.043402777777777776 0.20545372596153846 0.04941239316239316 0.20658052884615383 0.05742521367521368
0 0.19305889423076922 0.056089743589743585 0.1904296875 0.05141559829059829 0.18366887019230768 0.04273504273504273 0.17803485576923078 0.028044871794871792 0.18141526442307693 0.018028846153846152 0.1825420673076923 0.008012820512820512 0.18592247596153846 0.0013354700854700853 0.18817608173076922 0.008012820512820512 0.18667367788461536 0.016693376068376068 0.18967848557692307 0.032719017094017096 0.19305889423076922 0.043402777777777776